46.51588531345534
48.53938527056476
46.33101348701319
47.42273818664954
47.92911558558606
51.911241382359954
50.7373117295622
48.54868070823296
49.757427533003145
48.726633591388456
48.54900990446942
46.322112007174276
49.62810272902088
51.98326727263304
49.25558615327935
48.48847545927062
51.103794844786705
51.30241515823533
49.33952807007439
48.13145922833178
49.053969661085766
49.49174188929459
51.19541327712135
49.25854617467944
50.296550387892694
47.56070144599495
48.583286430222614
51.08872093431562
47.90896077771826
47.54475502404727
50.04217490458205
48.73309213372759
49.94984205075589
48.42415351329116
48.42415351329116
46.26904062377616
48.85288026853783
47.443312484102066
47.046684889342394
46.26145425989037
46.8509369603273
47.29409802586476
47.176876121262055
45.69134569603694
48.35930444404776
48.35930444404776
45.06593515124288
